553538718305    3       0.000001
961987582295    4       0.000001
61991445875     4       0.000001
856475376769    7       0.000002
498335359010    1       0.000001
759501010449    2       0.000001
472959435077    11      0.000003
972970991098    1       0.000001
421188123503    3       0.000001
933580971342    1       0.000001
479293813738    1       0.000001
607109193468    1       0.000001
329486599694    1       0.000001
512526097687    6       0.000001
590789192735    1       0.000001
25680604641     1       0.000001
679409009349    2       0.000001
368879173007    7       0.000002
25532071376     1       0.000001
29356108825     1       0.000001
944902312204    1       0.000001
597335275384    1       0.000001
847976430447    2       0.000001
262252137676    1       0.000001
145303388505    2       0.000001
257918583759    2       0.000001
621873666731    967     0.000322
475052882791    6       0.000001
612876318445    4       0.000001
85297760570     1       0.000001
127975359087    2       0.000001
159780963580    1       0.000001
36641195429     6       0.000001
395335795217    2       0.000001
977824746542    1       0.000001
725827555916    1       0.000001
785522822385    1       0.000001
427816191076    1       0.000001
545862598       1       0.000001
954980430880    1       0.000001
449656332961    5       0.000001
506028403119    2       0.000001
674938884675    2       0.000001
587051379008    1       0.000001
352373890148    1       0.000001
57514149408     1       0.000001
830436605529    2       0.000001
202295070967    5       0.000001
613378447143    1       0.000001
805828663247    4139    0.001455
431106967231    409     0.000131
367747172238    1       0.000001
609903485741    5       0.000001
123380678749    7       0.000002
35902697929     2       0.000001
564908282743    3       0.000001
293515394230    1       0.000001
902768564768    1       0.000001
468025496957    4073    0.001422
421129774485    1       0.000001
58532811587     7       0.000002
574202101753    2       0.000001
668325200073    1       0.000001
875132365280    1       0.000001
659911559361    1       0.000001
582711234968    1       0.000001
303152455416    1       0.000001
802635599018    1       0.000001
6982814686      1       0.000001
861562075500    1       0.000001
216651262593    2       0.000001
307969772760    1       0.000001
572067787149    2       0.000001
46702122426     1       0.000001
367813828337    29      0.000008
975380244685    2       0.000001
779279860073    4       0.000001
617082820848    1       0.000001
96392862807     1       0.000001
499863282315    2       0.000001
163882951690    1       0.000001
327111805288    1       0.000001
249410867095    4       0.000001
788153764768    1       0.000001
226305488133    2       0.000001
52852995518     1       0.000001
395097878284    1       0.000001
627701907407    37      0.000010
965395333916    1       0.000001
961875407789    10      0.000002
714097680430    1       0.000001
101553185125    2       0.000001
65008724253     2       0.000001
197940288441    1       0.000001
982111967280    1       0.000001
731827334097    2       0.000001
758030717886    1       0.000001
646765741951    1       0.000001
863139626567    2377    0.000819
438582933343    6       0.000001
372307922189    3       0.000001
407893378482    1       0.000001
341911396818    1       0.000001
293983565456    1       0.000001
725581214833    1489    0.000522
772156791262    1       0.000001
361758983364    1       0.000001
322865978388    1       0.000001
748089145973    3       0.000001
182609098417    7       0.000002
220501885448    1       0.000001
604678589247    2       0.000001
91130271228     1       0.000001
229050440219    4       0.000001
103601282847    2       0.000001
914932293942    1       0.000001
312117837610    1       0.000001
233946861067    7       0.000002
976628503444    1       0.000001
267816239961    2       0.000001
369732728268    1       0.000001
130988388993    1       0.000001
452428388059    10      0.000002
959182315245    1       0.000001
246258019401    2       0.000001
13875481853     251     0.000076
514109119040    1       0.000001
714064989482    1       0.000001
893109458612    1       0.000001
904743552784    1       0.000001
901450971629    4       0.000001
834030671287    5       0.000001
737645988776    1       0.000001
775260398705    2       0.000001
157307238206    1       0.000001
32740424603     173     0.000052
635208310404    1       0.000001
104412738371    11      0.000003
30051022050     1       0.000001
636612073149    2       0.000001
21925355865     1       0.000001
264830212470    1       0.000001
448670134614    1       0.000001
152823211574    1       0.000001
185723151212    1       0.000001
121724508571    6       0.000001
845542914939    1       0.000001
210471790491    2       0.000001
558834468962    1       0.000001
165972751490    1       0.000001
522531059520    1       0.000001
310929031791    1       0.000001
108693600449    3       0.000001
108716201740    1       0.000001
269887131066    1       0.000001
721576764064    1       0.000001
413152561188    1       0.000001
761196956923    4       0.000001
280344350543    4       0.000001
546701893109    5       0.000001
652105527241    1       0.000001
531888380284    1       0.000001
844016662687    5       0.000001
33951384586     1       0.000001
141431770769    23      0.000006
468027202161    2       0.000001
635870496126    1       0.000001
456081334929    1       0.000001
401055205862    1       0.000001
317047539248    1       0.000001
610891803155    2       0.000001
598689739999    2       0.000001
751271519441    9       0.000002
623543221048    1       0.000001
688892754934    1       0.000001
997058710285    2       0.000001
362222005322    1       0.000001
934888577117    2       0.000001
301865508582    1       0.000001
69778019385     2       0.000001
203079494510    1       0.000001
339298729200    1       0.000001
189193397165    4       0.000001
324711349586    1       0.000001
429414448948    1       0.000001
328659607469    17      0.000004
106159141557    1       0.000001
495678591129    1       0.000001
607578988095    1       0.000001
959545780693    907     0.000301
663727272032    1       0.000001
44113444749     2       0.000001
931092464773    1       0.000001
732773512711    109     0.000033
781016510457    2       0.000001
829924530965    4       0.000001
854635279994    1       0.000001
818884726247    3       0.000001
10023685794     1       0.000001
744242703220    1       0.000001
896275502134    1       0.000001
135729597910    1       0.000001
375799778250    1       0.000001
774163832269    4       0.000001
788937550577    5       0.000001
184449938508    1       0.000001
528154940698    1       0.000001
91877246280     1       0.000001
350244480771    2       0.000001
927047582786    1       0.000001
625041492042    1       0.000001
390513596178    1       0.000001
194996090808    1       0.000001
335859843588    1       0.000001
75929877316     1       0.000001
702669831852    1       0.000001
683333872928    1       0.000001
927748019112    1       0.000001
225975668446    1       0.000001
286735949924    1       0.000001
114448401705    1       0.000001
272033327422    1       0.000001
695764972029    1       0.000001
468319768724    1       0.000001
764329026266    1       0.000001
682640311581    2       0.000001
668766489897    1       0.000001
221836157585    3       0.000001
400106382518    1       0.000001
250622872811    18      0.000004
384585321022    1       0.000001
237699041646    1       0.000001
873666514316    1       0.000001
515180151241    2       0.000001
221991006267    2       0.000001
655058741597    2       0.000001
464940978995    4       0.000001
697335071908    1       0.000001
155052165548    1       0.000001
918762791815    4       0.000001
945838734426    1       0.000001
392794465778    1       0.000001
622724207546    1       0.000001
575007366180    1       0.000001
199771132524    1       0.000001
306541766930    1       0.000001
280066448716    1       0.000001
621244348319    2       0.000001
14446815467     3       0.000001
107476175282    1       0.000001
152479986838    1       0.000001
121484322523    4       0.000001
626368800892    1       0.000001
930207884162    1       0.000001
708155382162    1       0.000001
528407591208    1       0.000001
894492836910    1       0.000001
473773640338    1       0.000001
566683132004    1       0.000001
290733796405    4       0.000001
808942719025    1       0.000001
757247242424    1       0.000001
968400355888    1       0.000001
873069886421    7       0.000002
768551066095    4       0.000001
276589468668    1       0.000001
783017949678    1       0.000001
627987571041    1       0.000001
792493844668    1       0.000001
109969461748    1       0.000001
815210864428    1       0.000001
613487061121    5       0.000001
58104225811     83      0.000024
528490368320    1       0.000001
690505109390    1       0.000001
684754405368    1       0.000001
644843926454    1       0.000001
348125974638    1       0.000001
820646187045    2       0.000001
156406236004    1       0.000001
185805823996    1       0.000001
43967800217     5       0.000001
850012427513    107     0.000032
390533422995    1       0.000001
806180203152    1       0.000001
80427222376     1       0.000001
283922985807    2       0.000001
932178294930    1       0.000001
225570535836    1       0.000001
92027041653     1       0.000001
828932742636    1       0.000001
657031130553    2       0.000001
14097446778     1       0.000001
487271892454    1       0.000001
657647491201    131     0.000040
818076147283    5       0.000001
984752690809    11      0.000003
621625034703    1       0.000001
104057788410    1       0.000001
290297534480    1       0.000001
496700481184    1       0.000001
201971399963    23      0.000006
706560926723    7       0.000002
306750311535    1       0.000001
35074072066     1       0.000001
238445468788    1       0.000001
688808283359    2       0.000001
117508696956    1       0.000001
763451390858    1       0.000001
534170121214    1       0.000001
690708999667    10      0.000002
880032988862    1       0.000001
299663197701    1       0.000001
651073488371    1459    0.000495
128462777483    6       0.000001
826285483264    1       0.000001
468801803884    1       0.000001
964613587674    1       0.000001
820364441935    1       0.000001
510040737064    1       0.000001
6177201999      1       0.000001
796756341188    1       0.000001
416864231271    2       0.000001
823947658227    1       0.000001
804134603290    1       0.000001
39254973310     1       0.000001
441854817200    1       0.000001
728109814741    11      0.000003
13815296469     1       0.000001
410613933646    1       0.000001
398546326254    1       0.000001
440806869108    1       0.000001
196881466295    1       0.000001
338521546477    8       0.000002
885354485184    1       0.000001
14433339427     4       0.000001
379471276487    263     0.000082
874326439751    4       0.000002
400590680229    2       0.000001
101666455825    2       0.000001
716516378661    2       0.000001
313304909144    1       0.000001
421268417957    6       0.000002
643021178129    4       0.000001
590074049571    2       0.000001
930059793988    1       0.000001
217542310132    1       0.000001
246857365830    1       0.000001
911502941989    6       0.000001
79877443764     1       0.000001
866659233791    3       0.000001
266663410973    6       0.000001
64432172086     1       0.000001
203069028057    1       0.000001
503834906064    1       0.000001
347941181470    1       0.000001
322787757295    4       0.000001
289869594806    1       0.000001
994791498487    6       0.000001
328493386868    1       0.000001
571485583237    37      0.000010
845423931606    1       0.000001
145196288993    1       0.000001
772111967351    11      0.000003
737329041449    3       0.000001
298849787769    2       0.000001
971588054910    1       0.000001
754847440599    2       0.000001
970895618584    1       0.000001
705590747418    1       0.000001
700697468763    2       0.000001
246892097610    1       0.000001
262625492846    1       0.000001
750442648660    1       0.000001
540413710251    1       0.000001
942583454495    4       0.000001
827336165851    3       0.000001
742901437048    1       0.000001
677691356653    7       0.000002
835687131888    1       0.000001
892747850083    7       0.000002
713356559991    2       0.000001
512702936604    1       0.000001
845134008223    7       0.000002
161338144548    1       0.000001
70478620738     1       0.000001
352915327755    2       0.000001
27021660302     1       0.000001
874078592288    1       0.000001
595515631511    97      0.000029
478318027897    107     0.000032
111017804992    1       0.000001
575555260563    2       0.000001
888123863551    11      0.000003
521681256066    1       0.000001
358236085113    2       0.000001
590705216272    1       0.000001
505407194021    11      0.000003
622866043786    1       0.000001
229280366041    11      0.000003
637085431585    4       0.000001
23567593857     1       0.000001
937377402772    1       0.000001
900174641976    1       0.000001
736090684928    1       0.000001
451572385160    1       0.000001
180267990030    1       0.000001
937958530550    1       0.000001
432831431625    2       0.000001
677341286788    1       0.000001
695998571724    1       0.000001
384221491403    7       0.000002
784942387193    5       0.000001
23873971915     2       0.000001
348802469322    1       0.000001
587730079015    4       0.000001
160861384156    1       0.000001
537563926702    1       0.000001
140669006022    1       0.000001
241181540427    2       0.000001
223298919897    1       0.000001
844832740016    1       0.000001
204026289843    1       0.000001
848572583974    1       0.000001
399781200227    157     0.000049
189227756671    12      0.000003
979961752391    22      0.000006
123791271828    1       0.000001
129508181755    4       0.000001
136740186111    2       0.000001
225222834820    1       0.000001
45980578804     1       0.000001
548262753356    1       0.000001
584525705267    3       0.000001
15761614016     1       0.000001
130062977044    1       0.000001
66121837228     1       0.000001
927172783821    1       0.000001
465419604793    3       0.000001
682409242224    1       0.000001
437905970316    1       0.000001
97118465242     1       0.000001
838232460667    3       0.000001
466692802293    1       0.000001
341109745693    47      0.000013
973246817686    1       0.000001
277794557134    1       0.000001
848458013745    1       0.000001
1111730744      1       0.000001
156071387286    1       0.000001
378696573340    1       0.000001
90106228635     1       0.000001
949886167358    1       0.000001
21792315115     4       0.000001
365579324438    1       0.000001
261638512041    1       0.000001
905791259985    1       0.000001
20869454136     1       0.000001
312807338730    1       0.000001
578239696345    4       0.000001
706001214254    1       0.000001
526740989298    1       0.000001
663538977191    347     0.000113
712194760860    1       0.000001
161408657187    2       0.000001
906592294440    1       0.000001
468931767867    1       0.000001
569726125679    131     0.000039
49256953353     2       0.000001
275632803137    11      0.000002
381800081470    1       0.000001
550948865876    1       0.000001
200293509063    1       0.000001
897969747643    5       0.000001
632406836899    9       0.000002
572498280711    2       0.000001
544901596276    1       0.000001
679977204342    1       0.000001
513182033839    71      0.000020
883476888371    3       0.000001
489578272821    1       0.000001
107892051671    41      0.000011
212681074540    1       0.000001
487535686011    2       0.000001
21114554572     1       0.000001
98187767225     1       0.000001
717056161759    2       0.000001
553312460993    7       0.000002
56812396333     3       0.000001
889752916928    1       0.000001
323736937702    1       0.000001
518013469707    1       0.000001
718833462726    1       0.000001
675340204627    5       0.000001
106910853138    1       0.000001
152061091871    3       0.000001
893389358116    1       0.000001
816447016972    1       0.000001
891210369982    1       0.000001
546484499253    2       0.000001
880396870833    1       0.000001
450010856128    1       0.000001
727991696433    2       0.000001
935494833225    1       0.000001
513415800872    1       0.000001
492256741524    1       0.000001
256958920855    3       0.000001
816431349234    1       0.000001
905054586905    1       0.000001
921832349656    1       0.000001
192957396335    2       0.000001
116039346793    6       0.000001
765689861673    1       0.000001
81520035991     7       0.000002
999028754523    2       0.000001
732464268389    1       0.000001
746873230598    1       0.000001
937629024842    1       0.000001
680327350824    1       0.000001
300569193440    1       0.000001
313592280706    1       0.000001
543874461319    3       0.000001
324898500507    1       0.000001
505533860547    2       0.000001
943857164848    1       0.000001
423325477966    1       0.000001
773077834181    5       0.000001
357743476070    1       0.000001
595158755113    2       0.000001
13239428082     1       0.000001
445538525000    1       0.000001
140712227456    1       0.000001
341645599774    1       0.000001
890193051333    1       0.000001
908307469667    3       0.000001
981934173483    1       0.000001
426141368004    1       0.000001
13506214826     1       0.000001
92773445052     1       0.000001
146018727348    1       0.000001
475283288388    1       0.000001
146544999630    1       0.000001
930984451805    2       0.000001
455645865414    1       0.000001
959110825505    2       0.000001
619184253155    4       0.000001
764124398532    1       0.000001
655709074300    1       0.000001
330105447095    4       0.000001
93166200191     11      0.000003
726480742366    1       0.000001
89796431307     1       0.000001
567275922010    1       0.000001
513976629845    2       0.000001
590531849110    1       0.000001
888406048088    1       0.000001
471839258022    1       0.000001
82233616896     1       0.000001
500439829138    1       0.000001
585355368763    5       0.000001
515128012936    1       0.000001
605830805444    1       0.000001
202147138837    3       0.000001
315942050747    239     0.000074
942835595851    6       0.000001
479063798448    1       0.000001
573564403326    1       0.000001
491369017428    1       0.000001
408222745762    1       0.000001
468320615449    6       0.000001
907490984911    3       0.000001
81743202275     1       0.000001
267779874842    1       0.000001
145823835404    1       0.000001
587783289145    3       0.000001
14747480872     1       0.000001
452274845534    1       0.000001
212047466103    1       0.000001
565573656059    7       0.000002
750876017830    1       0.000001
292116903295    2       0.000001
925155916650    1       0.000001
834815165671    241     0.000075
583386701732    1       0.000001
567628020957    2       0.000001
595927696386    1       0.000001
811290693465    1       0.000001
220584998077    7       0.000002
219437979791    5       0.000001
30227453408     1       0.000001
547839362900    1       0.000001
868631978692    1       0.000001
157972616817    2       0.000001
350582306790    1       0.000001
608149722550    1       0.000001
165971503695    1       0.000001
883834588836    1       0.000001
591005616268    1       0.000001
733428514554    1       0.000001
171517288790    1       0.000001
723459266541    2       0.000001
992143518315    2       0.000001
666329159411    211     0.000065
842470223466    1       0.000001
863981403194    1       0.000001
85286921075     4       0.000001
214994976289    19      0.000005
782675286887    4       0.000001
98039922499     6       0.000001
260419732654    1       0.000001
170430681737    3       0.000001
827857875834    1       0.000001
619920380718    1       0.000001
5842951645      4       0.000001
919666309396    1       0.000001
501781347006    1       0.000001
648079498079    4       0.000001
758248394162    1       0.000001
472706930027    37      0.000010
873684188907    2       0.000001
93989271561     1       0.000001
726455804946    1       0.000001
165096791284    1       0.000001
208611063232    1       0.000001
24437423960     1       0.000001
531604007507    4       0.000001
279148897496    1       0.000001
262835651388    1       0.000001
150938389060    1       0.000001
320353059622    1       0.000001
84398418358     1       0.000001
500441381149    47      0.000013
97803155066     1       0.000001
476808404462    1       0.000001
114406229439    2       0.000001
553141414090    1       0.000001
634739700855    1       0.000001
230589388610    1       0.000001
399169918889    3       0.000001
457960061394    1       0.000001
915225790595    1       0.000001
453967201466    1       0.000001
573773550584    1       0.000001
953172928955    4       0.000001
615260899833    2       0.000001
501168279552    1       0.000001
622067451906    1       0.000001
857621083282    1       0.000001
695462820697    8       0.000002
331290815624    1       0.000001
672990972740    1       0.000001
929008311778    1       0.000001
563341604791    3       0.000001
525594369652    1       0.000001
197141946897    1       0.000001
766408629516    1       0.000001
593992966586    1       0.000001
255061569889    3       0.000001
859374471783    1       0.000001
268978138249    11      0.000003
813833591312    1       0.000001
838267839966    1       0.000001
416388479961    2       0.000001
117679580620    1       0.000001
800951647411    23      0.000006
135612308980    1       0.000001
3634690015      1       0.000001
421843478361    2       0.000001
152189478739    43      0.000011
950225179332    1       0.000001
109971250178    1       0.000001
805346668514    1       0.000001
974815673568    1       0.000001
739694879693    3       0.000001
478632662424    1       0.000001
731473616731    4       0.000001
765452276788    1       0.000001
651514686841    7       0.000002
495030761881    14      0.000003
884550530373    1       0.000001
546732562222    1       0.000001
60923631759     2       0.000001
610234568555    4       0.000001
670928072756    1       0.000001
106975264       1       0.000001
138922009095    1       0.000001
614948038082    1       0.000001
451160807864    1       0.000001
268613184526    1       0.000001
971415372832    1       0.000001
716512623419    163     0.000050
996660314315    4       0.000001
349868309014    1       0.000001
664048301671    7       0.000002
293447406267    1       0.000001
136844507762    1       0.000001
690030259463    3       0.000001
20373829218     1       0.000001
22535107349     19      0.000005
12373540892     1       0.000001
275510604527    6       0.000001
687223997861    151     0.000046
848111441271    1       0.000001
880128898229    2       0.000001
568316499068    1       0.000001
215701863422    1       0.000001
776028834867    1       0.000001
432369217344    1       0.000001
404254700832    1       0.000001
683983838264    1       0.000001
898117988573    4       0.000001
24335985082     1       0.000001
194068329377    4       0.000001
630817829623    1223    0.000410
634501524307    3       0.000001
763357762333    17      0.000004
839117216792    1       0.000001
578718337448    1       0.000001
82703626512     1       0.000001
761126431349    213623  0.087253
335387573076    1       0.000001
892556737922    1       0.000001
941271282796    1       0.000001
571604162017    3       0.000001
468057866146    1       0.000001
403361329425    2       0.000001
989859999323    4       0.000001
688273724056    1       0.000001
101960786479    11      0.000003
931799110192    1       0.000001
6515675495      1       0.000001
284220362069    3       0.000001
879717633638    1       0.000001
779314952015    2       0.000001
464473514072    1       0.000001
185336524608    1       0.000001
25848906096     1       0.000001
294931636115    2       0.000001
708275403440    1       0.000001
181611262259    3       0.000001
353011143979    3       0.000001
344617904421    1       0.000001
682140963633    1       0.000001
78294523928     1       0.000001
304626848692    1       0.000001
468555893114    1       0.000001
227217087610    1       0.000001
744731438872    1       0.000001
694213903698    1       0.000001
178510583353    7       0.000002
95871546425     4       0.000001
802792970213    4       0.000001
189697197150    1       0.000001
896425024687    9859    0.003725
837256217032    1       0.000001
52213985411     3       0.000001
962575998937    2       0.000001
830453769777    2       0.000001
979756625262    1       0.000001
179954994052    1       0.000001
689484029049    1       0.000001
937764304405    2       0.000001
754416688791    1       0.000001
606020068295    2       0.000001
543661622182    1       0.000001
850999106291    347     0.000112
569072469051    2       0.000001
241480865223    1       0.000001
30438879365     4       0.000001
44600691229     6       0.000001
32307709162     1       0.000001
114740785165    4       0.000001
248681848398    1       0.000001
413543049104    1       0.000001
791949445718    1       0.000001
491710023130    1       0.000001
204237537771    1       0.000001
581089860287    17      0.000004
830985034484    1       0.000001
692423972555    1       0.000001
67676300316     1       0.000001
881607467598    1       0.000001
539097992672    1       0.000001
435613211575    3       0.000001
458877959485    2       0.000001
513855162518    1       0.000001
386659281239    3       0.000001
117402222021    1       0.000001
941962784172    1       0.000001
698719756786    1       0.000001
769785854353    151     0.000048
316476099106    1       0.000001
684748491024    1       0.000001
325916170672    1       0.000001
754353955888    1       0.000001
437843716561    179     0.000057
442474930520    1       0.000001
854978639967    1       0.000001
218910298405    4       0.000001
795802042237    7       0.000002
525184465915    4       0.000001
150027797616    1       0.000001
249906639360    1       0.000001
747650469182    1       0.000001
26703537379     857     0.000277
968946222431    5       0.000001
703681763288    1       0.000001
590033775945    1       0.000001
85991854016     1       0.000001
589308704150    1       0.000001
1629776050      1       0.000001
737887546223    61      0.000017
126796224793    2       0.000001
920808602165    2       0.000001
598375032690    1       0.000001
462203962145    4       0.000001
996851688135    2       0.000001
455500689872    1       0.000001
812267227698    1       0.000001
324254033696    1       0.000001
943234456349    7       0.000002
638403263002    1       0.000001
712637512903    6       0.000001
131606894298    1       0.000001
528323869840    1       0.000001
711164047585    4       0.000001
209293533020    1       0.000001
800711819872    1       0.000001
882480419473    6       0.000001
782577436829    71      0.000021
948977182446    1       0.000001
811032815436    1       0.000001
291782167481    3       0.000001
424003217084    1       0.000001
270996120060    1       0.000001
309843188612    1       0.000001
560195814660    1       0.000001
921961683482    1       0.000001
862175466939    1       0.000001
793814618247    1       0.000001
765983909707    2879    0.001003
26064404037     1       0.000001
432103293244    1       0.000001
758509305476    1       0.000001
970785230302    1       0.000001
344609351425    4       0.000001
624707607475    2       0.000001
376059887263    1       0.000001
640333008027    2       0.000001
391488955725    1       0.000001
19399119493     4       0.000001
170248385512    1       0.000001
503889886225    2       0.000001
25098106871     67      0.000019
643122535583    5       0.000001
137595303706    1       0.000001
197000587144    1       0.000001
824566355813    313     0.000100
505989244759    61      0.000018
537157420230    1       0.000001
184603033976    1       0.000001
205168664641    33      0.000009
490266428881    37      0.000010
727338142538    1       0.000001
515325823662    1       0.000001
767135094024    1       0.000001
540286851093    2       0.000001
212816567080    1       0.000001
158432627715    1       0.000001
7033768169      5       0.000002
29621158043     6       0.000001
868351442504    1       0.000001
453785851562    1       0.000001
114024166952    1       0.000001
101612064337    3       0.000001
219694989452    1       0.000001
234437705571    2       0.000001
762711435092    1       0.000001
446339033250    1       0.000001
234206725967    11      0.000003
307980505605    1       0.000001
508346631038    1       0.000001
172509985175    1       0.000001
584276214873    1       0.000001
373003064296    1       0.000001
861297177468    1       0.000001
981793865817    2       0.000001
93621600047     11      0.000003
233061218850    1       0.000001
235576028847    2       0.000001
696594770003    5       0.000001
843641647642    1       0.000001
173999577571    29      0.000008
654856524489    2       0.000001
58530218        1       0.000001
634519309823    2       0.000001
998884827747    1       0.000001
84553150192     1       0.000001
132364490202    1       0.000001
800143607229    1       0.000001
518074362130    1       0.000001
974056782724    1       0.000001
48359470348     1       0.000001
249182470110    1       0.000001
734348605919    13      0.000003
345206440718    1       0.000001
417031519399    4       0.000001
627286272091    11      0.000003
593676142950    1       0.000001
768523746061    977     0.000328
639930335922    1       0.000001
144944078688    1       0.000001
617267485309    6       0.000001
627931796684    1       0.000001
630051807416    1       0.000001
442192286391    1       0.000001
68171661798     1       0.000001
429883763321    13669   0.005020
976079083892    1       0.000001
659376358497    2       0.000001
179724835722    1       0.000001
123450352413    2       0.000001
483684324087    2       0.000001
604967725861    5       0.000001
776012428286    1       0.000001
826428954958    1       0.000001
375460840169    6       0.000001
986557581841    4       0.000001
493908956616    1       0.000001
707718348807    1       0.000001
211063554341    419     0.000133
264880561078    1       0.000001
511536600277    4       0.000001
516954616684    1       0.000001
957224889003    1       0.000001
640839916635    1       0.000001
738356553332    1       0.000001
885541730892    1       0.000001
819526894303    3       0.000001
891272601192    1       0.000001
675688030070    1       0.000001
888889354123    5       0.000001
518285234447    41      0.000011
28635992120     1       0.000001
200341575054    1       0.000001
522836830180    1       0.000001
148194256626    1       0.000001
461329077874    1       0.000001
68007868440     1       0.000001
122480602494    1       0.000001
175175531277    2       0.000001
363690619399    6       0.000001
905444068223    1       0.000003
703927876572    1       0.000001
190157717592    1       0.000001
612676477908    1       0.000001
453293073474    1       0.000001
614080953480    1       0.000001
306212006858    1       0.000001
25637860471     23      0.000006
709221471091    3       0.000001
329895827457    2       0.000001
164086471221    2       0.000001
210863038092    1       0.000001
273817074728    1       0.000001
727461486863    3       0.000001
226819991962    1       0.000001
