1000000 1 0.000001
1000001 5 0.000002
1000002 1 0.000001

1000004 1 0.000001
1000005 1 0.000001
1000006 1 0.000001
1000007 7 0.000002
1000008 1 0.000001
1000009 73 0.000020
1000010 1 0.000001
1000011 1 0.000001
1000012 1 0.000000
1000013 3 0.000001
1000014 1 0.000001
1000015 4 0.000001
1000016 1 0.000001
1000017 2 0.000001
1000018 1 0.000000
1000019 23 0.000005
1000020 1 0.000001
1000021 5 0.000001
1000022 1 0.000000
1000023 2 0.000001
1000024 1 0.000000
1000025 1 0.000001
1000026 1 0.000001
1000027 2 0.000001
1000028 1 0.000001
1000029 2 0.000001
1000030 1 0.000001
1000031 5 0.000001
1000032 1 0.000001

1000034 1 0.000000
1000035 1 0.000001
1000036 1 0.000001

1000038 1 0.000001

1000040 1 0.000001
1000041 2 0.000001
1000042 1 0.000000
1000043 5 0.000001
1000044 1 0.000001
1000045 1 0.000001
1000046 1 0.000001
1000047 1 0.000001
1000048 1 0.000000
1000049 11 0.000003
1000050 1 0.000001
1000051 3 0.000001
1000052 1 0.000000
1000053 1 0.000001
1000054 1 0.000000
1000055 3 0.000001
1000056 1 0.000001
1000057 13 0.000003
1000058 1 0.000000
1000059 2 0.000001
1000060 1 0.000001
1000061 13 0.000003
1000062 1 0.000001
1000063 11 0.000002
1000064 1 0.000000
1000065 2 0.000001
1000066 1 0.000000
1000067 41 0.000011
1000068 1 0.000001
1000069 3 0.000001
1000070 1 0.000001
1000071 2 0.000001
1000072 1 0.000001
1000073 6 0.000001
1000074 1 0.000001
1000075 2 0.000001
1000076 1 0.000001
1000077 1 0.000001
1000078 1 0.000001
1000079 7 0.000002
1000080 1 0.000001

1000082 1 0.000000
1000083 1 0.000001
1000084 1 0.000000
1000085 4 0.000001
1000086 1 0.000001
1000087 5 0.000001
1000088 1 0.000000
1000089 2 0.000001
1000090 1 0.000001
1000091 5 0.000001
1000092 1 0.000001
1000093 6 0.000001
1000094 1 0.000000
1000095 1 0.000001
1000096 1 0.000000
1000097 3 0.000001
1000098 1 0.000001

1000100 1 0.000001
1000101 2 0.000001
1000102 1 0.000000
1000103 4 0.000001
1000104 1 0.000001
1000105 4 0.000001
1000106 1 0.000000
1000107 2 0.000001
1000108 1 0.000000
1000109 2 0.000001
1000110 1 0.000001
1000111 3 0.000001
1000112 1 0.000000
1000113 1 0.000001
1000114 1 0.000000
1000115 2 0.000001
1000116 1 0.000001

1000118 1 0.000000
1000119 2 0.000001
1000120 1 0.000001

1000122 1 0.000001
1000123 4 0.000002
1000124 1 0.000001
1000125 2 0.000001
1000126 1 0.000000
1000127 6 0.000001
1000128 1 0.000001
1000129 4 0.000001
1000130 1 0.000001
1000131 1 0.000001
1000132 1 0.000001

1000134 1 0.000001
1000135 4 0.000001
1000136 1 0.000000
1000137 1 0.000001
1000138 1 0.000000
1000139 3 0.000001
1000140 1 0.000001
1000141 6 0.000001
1000142 1 0.000000
1000143 1 0.000000
1000144 1 0.000000
1000145 2 0.000001
1000146 1 0.000001
1000147 4 0.000001
1000148 1 0.000000
1000149 1 0.000001
1000150 1 0.000000

1000152 1 0.000001
1000153 3 0.000001
1000154 1 0.000000
1000155 2 0.000001
1000156 1 0.000000
1000157 9 0.000002
1000158 1 0.000001

1000160 1 0.000001
1000161 2 0.000001
1000162 1 0.000001
1000163 7 0.000002
1000164 1 0.000001
1000165 4 0.000001
1000166 1 0.000000
1000167 1 0.000001
1000168 1 0.000000
1000169 14 0.000003
1000170 1 0.000001

1000172 1 0.000000
1000173 1 0.000001
1000174 1 0.000000
1000175 4 0.000001
1000176 1 0.000001
1000177 5 0.000001
1000178 1 0.000000
1000179 1 0.000001
1000180 1 0.000001
1000181 3 0.000001
1000182 1 0.000001

1000184 1 0.000000
1000185 2 0.000001
1000186 1 0.000001

1000188 1 0.000001
1000189 131 0.000035
1000190 1 0.000000
1000191 2 0.000001
1000192 1 0.000000

1000194 1 0.000001
1000195 1 0.000001
1000196 1 0.000000
1000197 2 0.000001
1000198 1 0.000000

1000200 1 0.000001
1000201 11 0.000002
1000202 1 0.000000
1000203 1 0.000000
1000204 1 0.000000
1000205 4 0.000001
1000206 1 0.000001
1000207 3 0.000001
1000208 1 0.000000
1000209 2 0.000001
1000210 1 0.000001

1000212 1 0.000001

1000214 1 0.000000
1000215 2 0.000001
1000216 1 0.000001
1000217 5 0.000001
1000218 1 0.000001
1000219 5 0.000001
1000220 1 0.000001
1000221 2 0.000001
1000222 1 0.000000
1000223 3 0.000001
1000224 1 0.000001
1000225 4 0.000001
1000226 1 0.000000
1000227 2 0.000001
1000228 1 0.000000
1000229 6 0.000001
1000230 1 0.000001

1000232 1 0.000000
1000233 2 0.000001
1000234 1 0.000000
1000235 4 0.000001
1000236 1 0.000001
1000237 3 0.000001
1000238 1 0.000000
1000239 1 0.000001
1000240 1 0.000001
1000241 5 0.000001
1000242 1 0.000001
1000243 11 0.000002
1000244 1 0.000000
1000245 2 0.000001
1000246 1 0.000001
1000247 11 0.000002
1000248 1 0.000001

1000250 1 0.000000
1000251 1 0.000001
1000252 1 0.000001

1000254 1 0.000001
1000255 1 0.000001
1000256 1 0.000000
1000257 2 0.000001
1000258 1 0.000000
1000259 3 0.000001
1000260 1 0.000001
1000261 9 0.000002
1000262 1 0.000000
1000263 2 0.000001
1000264 1 0.000000
1000265 3 0.000001
1000266 1 0.000001
1000267 17 0.000004
1000268 1 0.000000
1000269 1 0.000001
1000270 1 0.000001
1000271 11 0.000002
1000272 1 0.000001

1000274 1 0.000000
1000275 1 0.000001
1000276 1 0.000000
1000277 5 0.000001
1000278 1 0.000001
1000279 3 0.000001
1000280 1 0.000001
1000281 2 0.000000
1000282 1 0.000000
1000283 47 0.000011
1000284 1 0.000001
1000285 2 0.000001
1000286 1 0.000000
1000287 2 0.000001
1000288 1 0.000000

1000290 1 0.000001

1000292 1 0.000000
1000293 2 0.000001
1000294 1 0.000000
1000295 2 0.000001
1000296 1 0.000001
1000297 4 0.000001
1000298 1 0.000000
1000299 1 0.000001
1000300 1 0.000001
1000301 23 0.000005
1000302 1 0.000001

1000304 1 0.000000
1000305 1 0.000001
1000306 1 0.000000
1000307 3 0.000001
1000308 1 0.000001
1000309 6 0.000001
1000310 1 0.000000
1000311 2 0.000001
1000312 1 0.000000

1000314 1 0.000001
1000315 2 0.000001
1000316 1 0.000000
1000317 2 0.000001
1000318 1 0.000000
1000319 6 0.000001
1000320 1 0.000001
1000321 3 0.000001
1000322 1 0.000000
1000323 1 0.000001
1000324 1 0.000000
1000325 2 0.000001
1000326 1 0.000001
1000327 7 0.000002
1000328 1 0.000000
1000329 2 0.000001
1000330 1 0.000001
1000331 6 0.000001
1000332 1 0.000001

1000334 1 0.000000
1000335 1 0.000001
1000336 1 0.000000
1000337 4 0.000001
1000338 1 0.000001
1000339 5 0.000001
1000340 1 0.000001
1000341 1 0.000001
1000342 1 0.000000
1000343 41 0.000009
1000344 1 0.000001
1000345 4 0.000001
1000346 1 0.000000
1000347 1 0.000001
1000348 1 0.000000
1000349 3 0.000001
1000350 1 0.000001
1000351 5 0.000001
1000352 1 0.000000
1000353 1 0.000001
1000354 1 0.000000
1000355 4 0.000001
1000356 1 0.000001

1000358 1 0.000000
1000359 1 0.000001
1000360 1 0.000001
1000361 4 0.000001
1000362 1 0.000001
1000363 2 0.000001
1000364 1 0.000000
1000365 1 0.000001
1000366 1 0.000000

1000368 1 0.000001
1000369 4 0.000001
1000370 1 0.000001
1000371 1 0.000001
1000372 1 0.000000
1000373 4 0.000001
1000374 1 0.000001
1000375 2 0.000001
1000376 1 0.000000
1000377 1 0.000001
1000378 1 0.000000
1000379 7 0.000001
1000380 1 0.000001

1000382 1 0.000000
1000383 1 0.000000
1000384 1 0.000001
1000385 2 0.000001
1000386 1 0.000001
1000387 6 0.000001
1000388 1 0.000000
1000389 2 0.000001
1000390 1 0.000001
1000391 3 0.000001
1000392 1 0.000001

1000394 1 0.000000
1000395 1 0.000001
1000396 1 0.000000

1000398 1 0.000001
1000399 4 0.000001
1000400 1 0.000001
1000401 1 0.000001
1000402 1 0.000000

1000404 1 0.000001
1000405 3 0.000001
1000406 1 0.000000
1000407 2 0.000001
1000408 1 0.000000

1000410 1 0.000001
1000411 26 0.000006
1000412 1 0.000000
1000413 1 0.000001
1000414 1 0.000000
1000415 4 0.000001
1000416 1 0.000001
1000417 5 0.000001
1000418 1 0.000000
1000419 1 0.000001
1000420 1 0.000001
1000421 29 0.000007
1000422 1 0.000001

1000424 1 0.000000
1000425 2 0.000001
1000426 1 0.000001

1000428 1 0.000001

1000430 1 0.000000
1000431 1 0.000001
1000432 1 0.000000
1000433 3 0.000001
1000434 1 0.000001
1000435 2 0.000001
1000436 1 0.000000
1000437 2 0.000001
1000438 1 0.000000
1000439 5 0.000001
1000440 1 0.000001
1000441 4 0.000001
1000442 1 0.000000
1000443 2 0.000001
1000444 1 0.000000
1000445 3 0.000001
1000446 1 0.000001
1000447 2 0.000001
1000448 1 0.000000
1000449 1 0.000001
1000450 1 0.000001
1000451 3 0.000009
1000452 1 0.000001

1000454 1 0.000001
1000455 1 0.000001
1000456 1 0.000000

1000458 1 0.000001
1000459 43 0.000010
1000460 1 0.000001
1000461 1 0.000001
1000462 1 0.000000
1000463 5 0.000001
1000464 1 0.000001
1000465 4 0.000001
1000466 1 0.000000
1000467 2 0.000001
1000468 1 0.000000
1000469 10 0.000002
1000470 1 0.000001
1000471 7 0.000001
1000472 1 0.000000
1000473 2 0.000001
1000474 1 0.000000
1000475 2 0.000001
1000476 1 0.000001
1000477 11 0.000002
1000478 1 0.000000
1000479 2 0.000001
1000480 1 0.000001
1000481 7 0.000001
1000482 1 0.000001
1000483 3 0.000001
1000484 1 0.000000
1000485 1 0.000001
1000486 1 0.000000
1000487 31 0.000007
1000488 1 0.000001
1000489 3 0.000001
1000490 1 0.000000
1000491 1 0.000001
1000492 1 0.000000
1000493 3 0.000001
1000494 1 0.000001
1000495 1 0.000001
1000496 1 0.000000
1000497 2 0.000001
1000498 1 0.000000
1000499 29 0.000006
1000500 1 0.000001
1000501 6 0.000001
1000502 1 0.000000
1000503 2 0.000001
1000504 1 0.000000
1000505 4 0.000001
1000506 1 0.000001

1000508 1 0.000000
1000509 2 0.000001
1000510 1 0.000001
1000511 9 0.000002
1000512 1 0.000001
1000513 17 0.000004
1000514 1 0.000000
1000515 1 0.000001
1000516 1 0.000000
1000517 3 0.000001
1000518 1 0.000001
1000519 4 0.000001
1000520 1 0.000000
1000521 2 0.000001
1000522 1 0.000000
1000523 5 0.000001
1000524 1 0.000001
1000525 2 0.000001
1000526 1 0.000000
1000527 2 0.000001
1000528 1 0.000000
1000529 7 0.000001
1000530 1 0.000001
1000531 3 0.000001
1000532 1 0.000000
1000533 2 0.000001
1000534 1 0.000001
1000535 2 0.000001
1000536 1 0.000001

1000538 1 0.000001
1000539 2 0.000001
1000540 1 0.000001

1000542 1 0.000001
1000543 9 0.000002
1000544 1 0.000000
1000545 1 0.000001
1000546 1 0.000000

1000548 1 0.000001
1000549 5 0.000001
1000550 1 0.000000
1000551 2 0.000001
1000552 1 0.000001
1000553 6 0.000002
1000554 1 0.000001
1000555 4 0.000001
1000556 1 0.000000
1000557 2 0.000001
1000558 1 0.000000
1000559 3 0.000001
1000560 1 0.000001
1000561 3 0.000003
1000562 1 0.000000
1000563 2 0.000000
1000564 1 0.000000
1000565 1 0.000001
1000566 1 0.000001
1000567 7 0.000001
1000568 1 0.000000
1000569 1 0.000001
1000570 1 0.000000
1000571 4 0.000001
1000572 1 0.000001
1000573 2 0.000001
1000574 1 0.000000
1000575 1 0.000001
1000576 1 0.000000

1000578 1 0.000001

1000580 1 0.000001
1000581 1 0.000001
1000582 1 0.000000
1000583 5 0.000001
1000584 1 0.000001
1000585 1 0.000001
1000586 1 0.000000
1000587 1 0.000001
1000588 1 0.000000

1000590 1 0.000001
1000591 6 0.000001
1000592 1 0.000000
1000593 1 0.000001
1000594 1 0.000000
1000595 4 0.000001
1000596 1 0.000001
1000597 4 0.000001
1000598 1 0.000000
1000599 1 0.000000
1000600 1 0.000000
1000601 3 0.000001
1000602 1 0.000001
1000603 4 0.000001
1000604 1 0.000000
1000605 1 0.000001
1000606 1 0.000000
1000607 10 0.000002
1000608 1 0.000001

1000610 1 0.000001
1000611 2 0.000001
1000612 1 0.000000
1000613 11 0.000002
1000614 1 0.000001
1000615 3 0.000001
1000616 1 0.000000
1000617 2 0.000000
1000618 1 0.000000

1000620 1 0.000001

1000622 1 0.000000
1000623 2 0.000001
1000624 1 0.000000
1000625 1 0.000001
1000626 1 0.000001
1000627 11 0.000002
1000628 1 0.000000
1000629 2 0.000001
1000630 1 0.000000
1000631 29 0.000007
1000632 1 0.000001
1000633 7 0.000001
1000634 1 0.000000
1000635 1 0.000001
1000636 1 0.000001
1000637 4 0.000001
1000638 1 0.000001

1000640 1 0.000000
1000641 2 0.000000
1000642 1 0.000000
1000643 3 0.000001
1000644 1 0.000001
1000645 4 0.000001
1000646 1 0.000000
1000647 1 0.000001
1000648 1 0.000000
1000649 1 0.000001
1000650 1 0.000001

1000652 1 0.000000
1000653 2 0.000001
1000654 1 0.000000
1000655 4 0.000001
1000656 1 0.000001
1000657 2 0.000001
1000658 1 0.000000
1000659 2 0.000001
1000660 1 0.000000
1000661 11 0.000002
1000662 1 0.000001
1000663 9 0.000002
1000664 1 0.000000
1000665 1 0.000001
1000666 1 0.000000

1000668 1 0.000001

1000670 1 0.000001
1000671 2 0.000001
1000672 1 0.000000
1000673 6 0.000001
1000674 1 0.000001
1000675 4 0.000001
1000676 1 0.000000
1000677 2 0.000001
1000678 1 0.000000

1000680 1 0.000001
1000681 5 0.000001
1000682 1 0.000000
1000683 1 0.000001
1000684 1 0.000000
1000685 3 0.000001
1000686 1 0.000001
1000687 5 0.000001
1000688 1 0.000001
1000689 1 0.000001
1000690 1 0.000001

1000692 1 0.000001
1000693 13 0.000002
1000694 1 0.000000
1000695 1 0.000001
1000696 1 0.000000

1000698 1 0.000001
1000699 3 0.000001
1000700 1 0.000001
1000701 2 0.000001
1000702 1 0.000000
1000703 4 0.000001
1000704 1 0.000001
1000705 2 0.000001
1000706 1 0.000000
1000707 2 0.000001
1000708 1 0.000000
1000709 13 0.000003
1000710 1 0.000001
1000711 5 0.000001
1000712 1 0.000000
1000713 2 0.000001
1000714 1 0.000000
1000715 4 0.000001
1000716 1 0.000001
1000717 7 0.000001
1000718 1 0.000000
1000719 1 0.000001
1000720 1 0.000001

1000722 1 0.000001

1000724 1 0.000000
1000725 1 0.000001
1000726 1 0.000000
1000727 3 0.000001
1000728 1 0.000001
1000729 6 0.000002
1000730 1 0.000001
1000731 1 0.000001
1000732 1 0.000000
1000733 101 0.000026
1000734 1 0.000001
1000735 2 0.000001
1000736 1 0.000000
1000737 2 0.000001
1000738 1 0.000000
1000739 4 0.000001
1000740 1 0.000001
1000741 3 0.000001
1000742 1 0.000000
1000743 2 0.000001
1000744 1 0.000000
1000745 4 0.000001
1000746 1 0.000001
1000747 5 0.000001
1000748 1 0.000000
1000749 2 0.000001
1000750 1 0.000000
1000751 7 0.000002
1000752 1 0.000001
1000753 4 0.000001
1000754 1 0.000000
1000755 1 0.000001
1000756 1 0.000000
1000757 6 0.000001
1000758 1 0.000001
1000759 31 0.000007
1000760 1 0.000000
1000761 1 0.000001
1000762 1 0.000000

1000764 1 0.000001
1000765 4 0.000001
1000766 1 0.000000
1000767 2 0.000001
1000768 1 0.000000
1000769 3 0.000001
1000770 1 0.000001
1000771 11 0.000002
1000772 1 0.000000
1000773 1 0.000001
1000774 1 0.000000
1000775 2 0.000001
1000776 1 0.000001

1000778 1 0.000000
1000779 1 0.000001
1000780 1 0.000001
1000781 17 0.000004
1000782 1 0.000001
1000783 2 0.000001
1000784 1 0.000000
1000785 2 0.000001
1000786 1 0.000000
1000787 6 0.000001
1000788 1 0.000001
1000789 43 0.000010
1000790 1 0.000001
1000791 2 0.000001
1000792 1 0.000000

1000794 1 0.000001
1000795 4 0.000001
1000796 1 0.000000
1000797 2 0.000001
1000798 1 0.000000
1000799 11 0.000002
1000800 1 0.000001
1000801 23 0.000005
1000802 1 0.000000
1000803 2 0.000001
1000804 1 0.000000
1000805 3 0.000001
1000806 1 0.000001
1000807 4 0.000001
1000808 1 0.000000
1000809 1 0.000001
1000810 1 0.000001
1000811 1 0.000001
1000812 1 0.000001
1000813 5 0.000001
1000814 1 0.000000
1000815 2 0.000001
1000816 1 0.000000
1000817 29 0.000007
1000818 1 0.000001
1000819 7 0.000001
1000820 1 0.000000
1000821 2 0.000001
1000822 1 0.000000
1000823 17 0.000004
1000824 1 0.000001
1000825 1 0.000001
1000826 1 0.000000
1000827 2 0.000001
1000828 1 0.000000

1000830 1 0.000001
1000831 4 0.000001
1000832 1 0.000000
1000833 1 0.000001
1000834 1 0.000000
1000835 3 0.000001
1000836 1 0.000001
